0.000000000000000000e+00,0.000000000000000000e+00,0.000000000000000000e+00,0.000000000000000000e+00,0.000000000000000000e+00,0.000000000000000000e+00,0.000000000000000000e+00,5.000000000000000000e-01,0.000000000000000000e+00,0.000000000000000000e+00,1.000000000000000000e+00,0.000000000000000000e+00,0.000000000000000000e+00,5.000000000000000000e-01,1.000000000000000000e+00,1.000000000000000000e+00,0.000000000000000000e+00,1.000000000000000000e+00,1.000000000000000000e+00,1.000000000000000000e+00,1.000000000000000000e+00
0.000000000000000000e+00,0.000000000000000000e+00,0.000000000000000000e+00,0.000000000000000000e+00,0.000000000000000000e+00,0.000000000000000000e+00,0.000000000000000000e+00,0.000000000000000000e+00,0.000000000000000000e+00,0.000000000000000000e+00,0.000000000000000000e+00,1.000000000000000000e+00,0.000000000000000000e+00,0.000000000000000000e+00,0.000000000000000000e+00,0.000000000000000000e+00,1.000000000000000000e+00,0.000000000000000000e+00,1.000000000000000000e+00,1.000000000000000000e+00,0.000000000000000000e+00
0.000000000000000000e+00,0.000000000000000000e+00,0.000000000000000000e+00,1.000000000000000000e+00,1.000000000000000000e+00,0.000000000000000000e+00,0.000000000000000000e+00,1.000000000000000000e+00,0.000000000000000000e+00,0.000000000000000000e+00,1.000000000000000000e+00,0.000000000000000000e+00,0.000000000000000000e+00,0.000000000000000000e+00,0.000000000000000000e+00,0.000000000000000000e+00,0.000000000000000000e+00,0.000000000000000000e+00,0.000000000000000000e+00,0.000000000000000000e+00,0.000000000000000000e+00
1.000000000000000000e+00,0.000000000000000000e+00,0.000000000000000000e+00,0.000000000000000000e+00,0.000000000000000000e+00,0.000000000000000000e+00,1.000000000000000000e+00,0.000000000000000000e+00,0.000000000000000000e+00,0.000000000000000000e+00,0.000000000000000000e+00,1.000000000000000000e+00,0.000000000000000000e+00,0.000000000000000000e+00,0.000000000000000000e+00,0.000000000000000000e+00,1.000000000000000000e+00,1.000000000000000000e+00,0.000000000000000000e+00,0.000000000000000000e+00,0.000000000000000000e+00
6.480938416422286075e-01,6.584967320261437829e-01,6.370370370370374014e-01,7.037533512064340080e-01,7.429406037000980678e-01,7.601809954751136411e-01,7.802313354363827891e-01,8.032166508987694797e-01,8.123938879456701345e-01,8.462819089900105451e-01,8.439079169006181713e-01,8.651191969887072064e-01,8.857589984350540124e-01,8.969683154775460743e-01,8.942126514131900628e-01,9.122864651773984201e-01,9.074074074074083285e-01,9.254054054054055012e-01,9.306772908366536257e-01,9.342672413793097208e-01,9.473039215686275272e-01
0.000000000000000000e+00,0.000000000000000000e+00,0.000000000000000000e+00,0.000000000000000000e+00,0.000000000000000000e+00,0.000000000000000000e+00,1.000000000000000000e+00,1.000000000000000000e+00,1.000000000000000000e+00,0.000000000000000000e+00,0.000000000000000000e+00,1.000000000000000000e+00,1.000000000000000000e+00,0.000000000000000000e+00,0.000000000000000000e+00,1.000000000000000000e+00,0.000000000000000000e+00,1.000000000000000000e+00,0.000000000000000000e+00,0.000000000000000000e+00,0.000000000000000000e+00
8.307692307692307043e-01,9.593495934959350713e-01,8.404255319148935532e-01,9.038461538461541878e-01,9.656652360515024514e-01,9.047619047619042121e-01,8.895705521472393462e-01,9.353233830845770758e-01,9.519519519519521467e-01,9.581005586592178380e-01,9.503311258278145379e-01,9.729729729729735821e-01,9.637305699481870658e-01,9.774127310061607732e-01,9.875776397515524385e-01,9.858156028368798562e-01,9.792207792207798800e-01,9.894459102902372072e-01,9.880952380952380265e-01,9.795221843003415474e-01,9.911111111111108318e-01
1.000000000000000000e+00,1.000000000000000000e+00,1.000000000000000000e+00,1.000000000000000000e+00,1.000000000000000000e+00,1.000000000000000000e+00,1.000000000000000000e+00,1.000000000000000000e+00,1.000000000000000000e+00,1.000000000000000000e+00,1.000000000000000000e+00,1.000000000000000000e+00,1.000000000000000000e+00,1.000000000000000000e+00,9.871794871794872250e-01,1.000000000000000000e+00,1.000000000000000000e+00,1.000000000000000000e+00,1.000000000000000000e+00,1.000000000000000000e+00,1.000000000000000000e+00
7.999999999999999334e-01,1.000000000000000000e+00,9.393939393939394478e-01,9.574468085106381254e-01,9.743589743589741170e-01,9.838709677419353872e-01,9.523809523809523281e-01,9.718309859154928843e-01,1.000000000000000000e+00,8.979591836734691634e-01,9.574468085106384585e-01,9.560439560439560891e-01,9.625000000000000222e-01,9.795918367346940769e-01,1.000000000000000000e+00,9.791666666666668517e-01,9.729729729729729160e-01,9.552238805970150182e-01,9.710144927536231707e-01,1.000000000000000000e+00,1.000000000000000000e+00
7.500000000000000000e-01,2.500000000000000000e-01,6.250000000000001110e-01,5.555555555555555802e-01,5.555555555555555802e-01,7.142857142857143016e-01,6.875000000000000000e-01,6.842105263157896022e-01,6.363636363636363535e-01,8.888888888888887285e-01,6.363636363636363535e-01,9.130434782608694011e-01,9.047619047619046562e-01,9.428571428571429491e-01,9.090909090909089496e-01,9.411764705882353921e-01,8.965517241379308278e-01,9.473684210526314153e-01,8.947368421052630527e-01,1.000000000000000000e+00,7.500000000000000000e-01
0.000000000000000000e+00,3.333333333333333703e-01,0.000000000000000000e+00,0.000000000000000000e+00,0.000000000000000000e+00,6.923076923076921796e-01,0.000000000000000000e+00,5.454545454545454142e-01,0.000000000000000000e+00,5.000000000000001110e-01,5.555555555555555802e-01,1.666666666666666852e-01,4.444444444444444198e-01,5.454545454545454142e-01,4.000000000000000222e-01,6.999999999999999556e-01,3.333333333333333148e-01,7.499999999999998890e-01,8.235294117647057321e-01,6.923076923076922906e-01,7.500000000000000000e-01
0.000000000000000000e+00,0.000000000000000000e+00,0.000000000000000000e+00,0.000000000000000000e+00,6.666666666666667407e-01,0.000000000000000000e+00,0.000000000000000000e+00,0.000000000000000000e+00,0.000000000000000000e+00,0.000000000000000000e+00,0.000000000000000000e+00,0.000000000000000000e+00,0.000000000000000000e+00,0.000000000000000000e+00,3.333333333333333703e-01,0.000000000000000000e+00,1.000000000000000000e+00,0.000000000000000000e+00,0.000000000000000000e+00,0.000000000000000000e+00,0.000000000000000000e+00
0.000000000000000000e+00,0.000000000000000000e+00,0.000000000000000000e+00,1.666666666666666852e-01,0.000000000000000000e+00,0.000000000000000000e+00,0.000000000000000000e+00,0.000000000000000000e+00,0.000000000000000000e+00,0.000000000000000000e+00,0.000000000000000000e+00,0.000000000000000000e+00,1.666666666666666852e-01,0.000000000000000000e+00,0.000000000000000000e+00,0.000000000000000000e+00,2.000000000000000111e-01,2.500000000000000000e-01,0.000000000000000000e+00,2.500000000000000000e-01,0.000000000000000000e+00
0.000000000000000000e+00,0.000000000000000000e+00,0.000000000000000000e+00,0.000000000000000000e+00,0.000000000000000000e+00,0.000000000000000000e+00,0.000000000000000000e+00,0.000000000000000000e+00,0.000000000000000000e+00,0.000000000000000000e+00,0.000000000000000000e+00,0.000000000000000000e+00,0.000000000000000000e+00,0.000000000000000000e+00,0.000000000000000000e+00,0.000000000000000000e+00,0.000000000000000000e+00,0.000000000000000000e+00,0.000000000000000000e+00,0.000000000000000000e+00,0.000000000000000000e+00
0.000000000000000000e+00,0.000000000000000000e+00,0.000000000000000000e+00,0.000000000000000000e+00,0.000000000000000000e+00,0.000000000000000000e+00,0.000000000000000000e+00,0.000000000000000000e+00,0.000000000000000000e+00,0.000000000000000000e+00,0.000000000000000000e+00,0.000000000000000000e+00,0.000000000000000000e+00,0.000000000000000000e+00,0.000000000000000000e+00,0.000000000000000000e+00,0.000000000000000000e+00,0.000000000000000000e+00,0.000000000000000000e+00,0.000000000000000000e+00,0.000000000000000000e+00
0.000000000000000000e+00,0.000000000000000000e+00,0.000000000000000000e+00,0.000000000000000000e+00,0.000000000000000000e+00,0.000000000000000000e+00,0.000000000000000000e+00,0.000000000000000000e+00,0.000000000000000000e+00,0.000000000000000000e+00,0.000000000000000000e+00,0.000000000000000000e+00,0.000000000000000000e+00,0.000000000000000000e+00,0.000000000000000000e+00,0.000000000000000000e+00,0.000000000000000000e+00,0.000000000000000000e+00,0.000000000000000000e+00,0.000000000000000000e+00,0.000000000000000000e+00
0.000000000000000000e+00,1.250000000000000278e-01,0.000000000000000000e+00,0.000000000000000000e+00,2.173913043478260809e-01,5.263157894736841813e-02,0.000000000000000000e+00,9.090909090909092549e-02,9.090909090909091161e-02,1.666666666666666297e-01,0.000000000000000000e+00,1.600000000000000033e-01,2.068965517241379837e-01,9.090909090909092549e-02,2.777777777777777901e-01,2.258064516129032195e-01,4.999999999999999584e-02,1.724137931034482596e-01,2.888888888888888618e-01,3.913043478260870289e-01,3.275862068965517682e-01
0.000000000000000000e+00,0.000000000000000000e+00,0.000000000000000000e+00,0.000000000000000000e+00,0.000000000000000000e+00,1.000000000000000000e+00,0.000000000000000000e+00,0.000000000000000000e+00,0.000000000000000000e+00,0.000000000000000000e+00,0.000000000000000000e+00,0.000000000000000000e+00,0.000000000000000000e+00,0.000000000000000000e+00,0.000000000000000000e+00,0.000000000000000000e+00,0.000000000000000000e+00,0.000000000000000000e+00,0.000000000000000000e+00,0.000000000000000000e+00,0.000000000000000000e+00
0.000000000000000000e+00,0.000000000000000000e+00,0.000000000000000000e+00,0.000000000000000000e+00,0.000000000000000000e+00,0.000000000000000000e+00,0.000000000000000000e+00,0.000000000000000000e+00,0.000000000000000000e+00,0.000000000000000000e+00,0.000000000000000000e+00,1.000000000000000000e+00,0.000000000000000000e+00,0.000000000000000000e+00,0.000000000000000000e+00,0.000000000000000000e+00,0.000000000000000000e+00,0.000000000000000000e+00,0.000000000000000000e+00,0.000000000000000000e+00,0.000000000000000000e+00
0.000000000000000000e+00,0.000000000000000000e+00,0.000000000000000000e+00,0.000000000000000000e+00,0.000000000000000000e+00,0.000000000000000000e+00,0.000000000000000000e+00,0.000000000000000000e+00,0.000000000000000000e+00,0.000000000000000000e+00,0.000000000000000000e+00,0.000000000000000000e+00,0.000000000000000000e+00,1.000000000000000000e+00,0.000000000000000000e+00,0.000000000000000000e+00,0.000000000000000000e+00,0.000000000000000000e+00,0.000000000000000000e+00,1.000000000000000000e+00,0.000000000000000000e+00
1.428571428571428492e-01,2.307692307692307543e-01,2.571428571428571730e-01,1.612903225806451846e-01,2.600000000000000089e-01,1.999999999999999833e-01,2.452830188679244461e-01,2.678571428571429047e-01,1.842105263157894635e-01,2.653061224489795533e-01,3.272727272727272152e-01,2.608695652173914081e-01,2.884615384615385469e-01,3.488372093023255904e-01,3.925233644859813520e-01,5.062656641604010854e-01,5.095890410958906491e-01,4.675925925925925042e-01,5.766621438263229704e-01,5.690515806988347691e-01,5.929978118161927103e-01
