0.000000000000000000e+00,0.000000000000000000e+00,0.000000000000000000e+00,0.000000000000000000e+00,0.000000000000000000e+00,0.000000000000000000e+00,0.000000000000000000e+00,0.000000000000000000e+00,0.000000000000000000e+00,0.000000000000000000e+00,0.000000000000000000e+00,0.000000000000000000e+00,0.000000000000000000e+00,0.000000000000000000e+00,0.000000000000000000e+00,0.000000000000000000e+00,0.000000000000000000e+00,0.000000000000000000e+00,0.000000000000000000e+00,0.000000000000000000e+00,0.000000000000000000e+00
0.000000000000000000e+00,0.000000000000000000e+00,0.000000000000000000e+00,0.000000000000000000e+00,0.000000000000000000e+00,0.000000000000000000e+00,0.000000000000000000e+00,0.000000000000000000e+00,0.000000000000000000e+00,0.000000000000000000e+00,0.000000000000000000e+00,0.000000000000000000e+00,0.000000000000000000e+00,1.000000000000000000e+00,0.000000000000000000e+00,0.000000000000000000e+00,0.000000000000000000e+00,0.000000000000000000e+00,0.000000000000000000e+00,0.000000000000000000e+00,0.000000000000000000e+00
0.000000000000000000e+00,0.000000000000000000e+00,0.000000000000000000e+00,1.000000000000000000e+00,0.000000000000000000e+00,0.000000000000000000e+00,0.000000000000000000e+00,0.000000000000000000e+00,0.000000000000000000e+00,0.000000000000000000e+00,0.000000000000000000e+00,0.000000000000000000e+00,0.000000000000000000e+00,0.000000000000000000e+00,0.000000000000000000e+00,0.000000000000000000e+00,0.000000000000000000e+00,0.000000000000000000e+00,0.000000000000000000e+00,0.000000000000000000e+00,0.000000000000000000e+00
0.000000000000000000e+00,0.000000000000000000e+00,0.000000000000000000e+00,0.000000000000000000e+00,0.000000000000000000e+00,0.000000000000000000e+00,0.000000000000000000e+00,0.000000000000000000e+00,0.000000000000000000e+00,0.000000000000000000e+00,0.000000000000000000e+00,0.000000000000000000e+00,0.000000000000000000e+00,0.000000000000000000e+00,0.000000000000000000e+00,0.000000000000000000e+00,0.000000000000000000e+00,0.000000000000000000e+00,0.000000000000000000e+00,1.000000000000000000e+00,0.000000000000000000e+00
7.692307692307692735e-02,1.818181818181817955e-01,2.121212121212121271e-01,1.818181818181819065e-01,1.818181818181818232e-01,2.280701754385964508e-01,3.473684210526316596e-01,2.000000000000000666e-01,3.157894736842105643e-01,3.529411764705882582e-01,3.437500000000001665e-01,2.272727272727273207e-01,3.578947368421053210e-01,4.569536423841057959e-01,4.760147601476013568e-01,4.463519313304720182e-01,4.641509433962262565e-01,5.250659630606860917e-01,5.521698984302860769e-01,5.791173304628640661e-01,6.131147540983613586e-01
0.000000000000000000e+00,0.000000000000000000e+00,0.000000000000000000e+00,0.000000000000000000e+00,0.000000000000000000e+00,0.000000000000000000e+00,0.000000000000000000e+00,0.000000000000000000e+00,0.000000000000000000e+00,0.000000000000000000e+00,1.000000000000000000e+00,0.000000000000000000e+00,0.000000000000000000e+00,0.000000000000000000e+00,0.000000000000000000e+00,0.000000000000000000e+00,0.000000000000000000e+00,0.000000000000000000e+00,0.000000000000000000e+00,0.000000000000000000e+00,0.000000000000000000e+00
1.250000000000000278e-01,2.413793103448276522e-01,9.090909090909092549e-02,2.368421052631579371e-01,1.578947368421052821e-01,2.452830188679245849e-01,9.090909090909092549e-02,3.580246913580246715e-01,2.800000000000000266e-01,3.703703703703703498e-01,3.728813559322033955e-01,2.857142857142857539e-01,4.148936170212765839e-01,3.861386138613861485e-01,4.975845410628018106e-01,5.098039215686269721e-01,5.025125628140704181e-01,5.736196319018398437e-01,6.041666666666666297e-01,6.601830663615569916e-01,6.670588235294121482e-01
1.818181818181818510e-01,2.380952380952380820e-01,1.666666666666666574e-01,1.999999999999999833e-01,1.538461538461538824e-01,2.954545454545454697e-01,3.448275862068965192e-01,3.125000000000000555e-01,4.000000000000000222e-01,2.413793103448276800e-01,5.142857142857142350e-01,3.902439024390244593e-01,4.819277108433736023e-01,4.500000000000000666e-01,4.935064935064934488e-01,5.923076923076922018e-01,6.094117647058824305e-01,5.491803278688522916e-01,6.666666666666668517e-01,6.315789473684212396e-01,7.031250000000001110e-01
4.000000000000000222e-01,2.692307692307693290e-01,2.500000000000000555e-01,3.333333333333333703e-01,1.794871794871794879e-01,3.124999999999998890e-01,2.884615384615386025e-01,3.090909090909091383e-01,3.614457831325301185e-01,2.999999999999999889e-01,3.703703703703702943e-01,5.229357798165135129e-01,4.054054054054054834e-01,5.215686274509806486e-01,5.432098765432098464e-01,5.751633986928104125e-01,6.084033613445378741e-01,6.371308016877641478e-01,6.601671309192203019e-01,6.534954407294836232e-01,6.939759036144577120e-01
1.111111111111111049e-01,2.352941176470588203e-01,2.777777777777778456e-01,3.125000000000000000e-01,3.658536585365853577e-01,1.999999999999999833e-01,1.499999999999999944e-01,4.426229508196720674e-01,2.083333333333333703e-01,3.333333333333331483e-01,4.651162790697674354e-01,5.268817204301079471e-01,5.632183908045977905e-01,5.681818181818175661e-01,5.555555555555554692e-01,6.224489795918372037e-01,6.831955922865009523e-01,6.696428571428573173e-01,5.900000000000003020e-01,7.272727272727270709e-01,6.716417910447760597e-01
3.125000000000000555e-01,1.999999999999999833e-01,1.333333333333333592e-01,2.592592592592593004e-01,2.222222222222222099e-01,3.958333333333332593e-01,2.916666666666667407e-01,3.913043478260869179e-01,4.411764705882352811e-01,4.210526315789472895e-01,5.094339622641509413e-01,5.256410256410254389e-01,5.428571428571427049e-01,6.559633027522937532e-01,5.301204819277106628e-01,6.345177664974620546e-01,6.443298969072166482e-01,6.666666666666667407e-01,7.283236994219650651e-01,6.753246753246755496e-01,7.124183006535950158e-01
4.375000000000000000e-01,3.076923076923076539e-01,3.125000000000000000e-01,4.615384615384615086e-01,1.666666666666666852e-01,2.105263157894736725e-01,5.555555555555556912e-01,3.333333333333333703e-01,5.555555555555554692e-01,5.526315789473683626e-01,5.714285714285712858e-01,5.789473684210526550e-01,5.454545454545455252e-01,5.526315789473683626e-01,6.382978723404256760e-01,6.363636363636363535e-01,4.857142857142858205e-01,6.181818181818182767e-01,7.142857142857141906e-01,7.916666666666668517e-01,7.567567567567565767e-01
1.739130434782608370e-01,2.790697674418604057e-01,1.379310344827586465e-01,2.708333333333332593e-01,4.179104477611940704e-01,4.553571428571428492e-01,3.589743589743590313e-01,4.078947368421053099e-01,4.512195121951220189e-01,4.761904761904761640e-01,5.555555555555554692e-01,5.737704918032785484e-01,5.960912052117264270e-01,6.072507552870085590e-01,6.634460547504020811e-01,6.779411764705874921e-01,7.125813449023857826e-01,7.410313901345291221e-01,7.047872340425529458e-01,8.043010752688178888e-01,7.806451612903223536e-01
3.488372093023255349e-01,2.790697674418604612e-01,4.342105263157896022e-01,3.384615384615384248e-01,3.870967741935484319e-01,3.283582089552239403e-01,3.673469387755101678e-01,5.708333333333331927e-01,5.238095238095239470e-01,5.395683453237414273e-01,5.588235294117644969e-01,6.034482758620687282e-01,6.445012787723782832e-01,6.450216450216450514e-01,6.964285714285727291e-01,7.107279693486582284e-01,7.301136363636379079e-01,7.408732999284181053e-01,7.702702702702710624e-01,7.853982300884951862e-01,8.052631578947369029e-01
0.000000000000000000e+00,0.000000000000000000e+00,0.000000000000000000e+00,0.000000000000000000e+00,1.000000000000000000e+00,0.000000000000000000e+00,0.000000000000000000e+00,0.000000000000000000e+00,0.000000000000000000e+00,0.000000000000000000e+00,0.000000000000000000e+00,1.000000000000000000e+00,0.000000000000000000e+00,0.000000000000000000e+00,1.000000000000000000e+00,1.000000000000000000e+00,1.000000000000000000e+00,6.666666666666667407e-01,5.000000000000000000e-01,0.000000000000000000e+00,0.000000000000000000e+00
1.000000000000000000e+00,0.000000000000000000e+00,0.000000000000000000e+00,0.000000000000000000e+00,1.000000000000000000e+00,1.000000000000000000e+00,0.000000000000000000e+00,1.000000000000000000e+00,1.000000000000000000e+00,0.000000000000000000e+00,0.000000000000000000e+00,1.000000000000000000e+00,0.000000000000000000e+00,0.000000000000000000e+00,0.000000000000000000e+00,0.000000000000000000e+00,0.000000000000000000e+00,0.000000000000000000e+00,0.000000000000000000e+00,0.000000000000000000e+00,0.000000000000000000e+00
3.956834532374101099e-01,4.606741573033708015e-01,4.717607973421923950e-01,4.557522123893805177e-01,4.961636828644498398e-01,5.298913043478258311e-01,5.699481865284968807e-01,5.738396624472579255e-01,6.172695449241540899e-01,6.397660818713452047e-01,6.757518796992481036e-01,6.814650388457274000e-01,6.962719298245615418e-01,7.319903656667381409e-01,7.574455690672131647e-01,7.744639038205879400e-01,7.954057981041963155e-01,8.177770954866435682e-01,8.332655551037014829e-01,8.518155053974479918e-01,8.552631578947375024e-01
0.000000000000000000e+00,0.000000000000000000e+00,1.000000000000000000e+00,0.000000000000000000e+00,0.000000000000000000e+00,0.000000000000000000e+00,1.000000000000000000e+00,0.000000000000000000e+00,1.000000000000000000e+00,0.000000000000000000e+00,0.000000000000000000e+00,0.000000000000000000e+00,1.000000000000000000e+00,1.000000000000000000e+00,0.000000000000000000e+00,1.000000000000000000e+00,1.000000000000000000e+00,1.000000000000000000e+00,1.000000000000000000e+00,0.000000000000000000e+00,0.000000000000000000e+00
1.000000000000000000e+00,0.000000000000000000e+00,1.000000000000000000e+00,0.000000000000000000e+00,0.000000000000000000e+00,0.000000000000000000e+00,0.000000000000000000e+00,0.000000000000000000e+00,0.000000000000000000e+00,0.000000000000000000e+00,0.000000000000000000e+00,0.000000000000000000e+00,0.000000000000000000e+00,1.000000000000000000e+00,1.000000000000000000e+00,0.000000000000000000e+00,1.000000000000000000e+00,0.000000000000000000e+00,1.000000000000000000e+00,1.000000000000000000e+00,1.000000000000000000e+00
0.000000000000000000e+00,0.000000000000000000e+00,0.000000000000000000e+00,0.000000000000000000e+00,0.000000000000000000e+00,0.000000000000000000e+00,0.000000000000000000e+00,0.000000000000000000e+00,0.000000000000000000e+00,0.000000000000000000e+00,0.000000000000000000e+00,0.000000000000000000e+00,0.000000000000000000e+00,0.000000000000000000e+00,0.000000000000000000e+00,1.000000000000000000e+00,0.000000000000000000e+00,0.000000000000000000e+00,0.000000000000000000e+00,1.000000000000000000e+00,0.000000000000000000e+00
4.705882352941177516e-01,4.897959183673469830e-01,5.263157894736837372e-01,5.802197802197798238e-01,5.780821917808216526e-01,6.259204712812966864e-01,6.537356321839077333e-01,7.103174603174606805e-01,6.969696969696967948e-01,7.317460317460311447e-01,7.497536945812802722e-01,7.592213114754090553e-01,7.975970425138638742e-01,8.149872003723509506e-01,8.349259883829855955e-01,8.488509133765462789e-01,8.674890569040977217e-01,8.675742574257427897e-01,9.070351758793974151e-01,8.994974874371857165e-01,9.254901960784316373e-01
