0.000000000000000000e+00,1.000000000000000000e+00,1.000000000000000000e+00,0.000000000000000000e+00,0.000000000000000000e+00,0.000000000000000000e+00,0.000000000000000000e+00,0.000000000000000000e+00,0.000000000000000000e+00,1.000000000000000000e+00,0.000000000000000000e+00,0.000000000000000000e+00,0.000000000000000000e+00,1.000000000000000000e+00,0.000000000000000000e+00,0.000000000000000000e+00,0.000000000000000000e+00,0.000000000000000000e+00,0.000000000000000000e+00,0.000000000000000000e+00,0.000000000000000000e+00
0.000000000000000000e+00,0.000000000000000000e+00,0.000000000000000000e+00,0.000000000000000000e+00,0.000000000000000000e+00,1.000000000000000000e+00,0.000000000000000000e+00,0.000000000000000000e+00,0.000000000000000000e+00,1.000000000000000000e+00,0.000000000000000000e+00,0.000000000000000000e+00,0.000000000000000000e+00,0.000000000000000000e+00,0.000000000000000000e+00,0.000000000000000000e+00,1.000000000000000000e+00,0.000000000000000000e+00,0.000000000000000000e+00,0.000000000000000000e+00,0.000000000000000000e+00
0.000000000000000000e+00,0.000000000000000000e+00,0.000000000000000000e+00,0.000000000000000000e+00,1.000000000000000000e+00,1.000000000000000000e+00,1.000000000000000000e+00,1.000000000000000000e+00,0.000000000000000000e+00,0.000000000000000000e+00,0.000000000000000000e+00,1.000000000000000000e+00,0.000000000000000000e+00,0.000000000000000000e+00,0.000000000000000000e+00,0.000000000000000000e+00,0.000000000000000000e+00,0.000000000000000000e+00,1.000000000000000000e+00,0.000000000000000000e+00,0.000000000000000000e+00
1.000000000000000000e+00,1.000000000000000000e+00,1.000000000000000000e+00,1.000000000000000000e+00,1.000000000000000000e+00,5.000000000000000000e-01,0.000000000000000000e+00,1.000000000000000000e+00,1.000000000000000000e+00,1.000000000000000000e+00,1.000000000000000000e+00,0.000000000000000000e+00,0.000000000000000000e+00,1.000000000000000000e+00,0.000000000000000000e+00,0.000000000000000000e+00,0.000000000000000000e+00,0.000000000000000000e+00,0.000000000000000000e+00,0.000000000000000000e+00,0.000000000000000000e+00
8.534031413612568340e-01,8.531021897810211474e-01,8.249182709771156752e-01,8.140405616224651864e-01,7.915783654289167970e-01,7.742855371644710161e-01,7.536805445622946076e-01,7.301805337519652328e-01,7.146471745853246738e-01,6.871227364185111819e-01,6.526138279932548469e-01,6.137931034482747572e-01,6.435719784449569492e-01,5.836909871244636561e-01,5.683544303797470887e-01,4.646840148698884732e-01,5.138888888888890616e-01,5.000000000000000000e-01,4.341637010676157593e-01,3.947368421052630527e-01,3.297872340425530013e-01
0.000000000000000000e+00,1.000000000000000000e+00,0.000000000000000000e+00,0.000000000000000000e+00,0.000000000000000000e+00,0.000000000000000000e+00,0.000000000000000000e+00,0.000000000000000000e+00,0.000000000000000000e+00,0.000000000000000000e+00,0.000000000000000000e+00,0.000000000000000000e+00,0.000000000000000000e+00,0.000000000000000000e+00,1.000000000000000000e+00,0.000000000000000000e+00,1.000000000000000000e+00,0.000000000000000000e+00,1.000000000000000000e+00,1.000000000000000000e+00,0.000000000000000000e+00
8.054794520547945424e-01,8.121775025799792269e-01,7.755868544600936776e-01,7.685534591194964626e-01,7.600849256900231721e-01,7.138717855849336935e-01,7.215990796663799278e-01,7.051715804736594650e-01,6.392617449664437235e-01,6.202531645569618890e-01,5.897435897435893137e-01,5.502958579881656043e-01,5.142857142857143460e-01,5.434782608695657435e-01,5.000000000000000000e-01,4.634146341463415419e-01,4.973544973544976600e-01,3.846153846153847478e-01,3.962264150943396457e-01,3.932584269662922072e-01,2.195121951219512479e-01
7.766990291262134694e-01,8.067885117493471814e-01,7.219917012448129334e-01,7.149532710280371850e-01,7.104377104377100904e-01,7.107093184979131895e-01,6.701388888888886175e-01,6.474999999999998535e-01,6.354166666666666297e-01,6.161616161616159104e-01,6.034482758620686171e-01,5.529411764705882693e-01,5.958904109589038267e-01,4.615384615384616751e-01,4.933333333333330684e-01,4.482758620689656359e-01,4.074074074074073848e-01,3.555555555555557357e-01,4.647887323943661331e-01,3.095238095238094789e-01,1.666666666666666852e-01
8.030303030303027612e-01,7.736842105263147529e-01,7.641633728590248031e-01,7.072727272727269421e-01,7.107162687395892631e-01,6.772486772486768780e-01,6.721698113207554837e-01,6.363636363636369087e-01,6.120996441281141287e-01,5.806451612903227311e-01,6.554878048780485855e-01,5.779220779220780591e-01,4.916666666666667518e-01,4.853801169590640785e-01,4.999999999999998890e-01,4.414414414414414845e-01,3.707865168539327128e-01,3.283582089552238847e-01,2.424242424242424310e-01,1.600000000000000033e-01,3.478260869565216740e-01
7.183098591549293976e-01,7.530120481927714549e-01,7.840909090909090606e-01,6.597938144329895671e-01,6.200000000000003286e-01,6.598360655737706137e-01,6.300578034682079442e-01,6.421568627450977562e-01,5.827338129496403285e-01,5.529411764705881582e-01,5.344827586206897241e-01,4.864864864864864025e-01,5.436893203883496062e-01,3.529411764705883137e-01,4.999999999999998890e-01,4.057971014492753881e-01,4.067796610169491234e-01,3.684210526315789824e-01,3.103448275862068506e-01,3.793103448275862433e-01,0.000000000000000000e+00
7.356321839080461888e-01,7.142857142857141906e-01,5.842696629213482984e-01,7.208588957055210855e-01,6.493506493506494559e-01,6.149068322981364743e-01,5.285714285714282479e-01,6.068965517241377006e-01,5.373134328358207812e-01,5.714285714285718409e-01,5.172413793103447510e-01,4.255319148936169138e-01,5.000000000000000000e-01,4.516129032258063281e-01,4.920634920634919807e-01,2.941176470588236502e-01,3.500000000000000333e-01,4.074074074074073848e-01,3.200000000000000622e-01,1.000000000000000194e-01,1.764705882352941291e-01
7.317073170731706044e-01,7.199999999999997513e-01,5.357142857142856984e-01,6.111111111111112715e-01,6.388888888888886175e-01,4.799999999999999267e-01,4.516129032258063836e-01,4.999999999999999445e-01,4.074074074074074403e-01,5.750000000000000666e-01,4.705882352941176405e-01,2.857142857142856984e-01,4.333333333333333481e-01,2.307692307692307543e-01,1.999999999999999833e-01,3.684210526315789824e-01,1.000000000000000194e-01,2.941176470588235392e-01,4.705882352941176405e-01,1.428571428571428770e-01,1.428571428571428770e-01
6.863905325443788730e-01,6.465324384787476397e-01,6.528662420382161935e-01,6.252427184466023968e-01,5.754189944134080470e-01,5.956112852664579016e-01,5.498281786941580096e-01,3.448275862068964082e-01,4.000000000000000222e-01,4.929577464788731933e-01,4.946236559139786104e-01,3.648648648648649684e-01,2.826086956521739468e-01,3.272727272727272707e-01,1.612903225806451568e-01,3.015873015873015706e-01,2.448979591836734360e-01,2.187500000000000833e-01,5.882352941176471894e-02,1.578947368421052544e-01,1.999999999999999833e-01
7.325102880658436177e-01,6.632016632016629609e-01,6.402439024390240707e-01,6.455505279034688959e-01,5.695187165775402738e-01,5.856079404466500993e-01,4.691358024691359430e-01,5.396825396825398746e-01,3.199999999999999512e-01,4.666666666666667851e-01,3.181818181818181213e-01,4.137931034482758563e-01,3.265306122448979331e-01,1.666666666666666852e-01,2.608695652173914081e-01,2.142857142857143016e-01,2.368421052631579371e-01,2.916666666666667407e-01,2.500000000000001665e-01,2.857142857142857539e-01,4.074074074074074403e-01
1.000000000000000000e+00,0.000000000000000000e+00,0.000000000000000000e+00,1.000000000000000000e+00,0.000000000000000000e+00,0.000000000000000000e+00,0.000000000000000000e+00,0.000000000000000000e+00,0.000000000000000000e+00,1.000000000000000000e+00,0.000000000000000000e+00,0.000000000000000000e+00,0.000000000000000000e+00,1.000000000000000000e+00,0.000000000000000000e+00,0.000000000000000000e+00,0.000000000000000000e+00,0.000000000000000000e+00,0.000000000000000000e+00,0.000000000000000000e+00,0.000000000000000000e+00
0.000000000000000000e+00,0.000000000000000000e+00,0.000000000000000000e+00,0.000000000000000000e+00,0.000000000000000000e+00,0.000000000000000000e+00,1.000000000000000000e+00,0.000000000000000000e+00,0.000000000000000000e+00,0.000000000000000000e+00,0.000000000000000000e+00,0.000000000000000000e+00,0.000000000000000000e+00,1.000000000000000000e+00,0.000000000000000000e+00,0.000000000000000000e+00,1.000000000000000000e+00,0.000000000000000000e+00,0.000000000000000000e+00,0.000000000000000000e+00,0.000000000000000000e+00
6.048387096774198168e-01,5.825396825396822464e-01,5.622065727699540050e-01,5.316455696202537773e-01,4.835820895522388585e-01,4.206896551724137456e-01,4.600000000000001310e-01,4.017094017094016700e-01,4.523809523809525501e-01,4.249999999999998779e-01,4.230769230769231837e-01,4.044943820224719544e-01,2.045454545454545581e-01,3.108108108108110224e-01,3.086419753086419582e-01,1.555555555555555580e-01,2.264150943396225912e-01,1.034482758620689641e-01,2.000000000000000389e-01,1.818181818181818232e-01,2.400000000000000466e-01
1.000000000000000000e+00,0.000000000000000000e+00,0.000000000000000000e+00,0.000000000000000000e+00,0.000000000000000000e+00,0.000000000000000000e+00,0.000000000000000000e+00,0.000000000000000000e+00,0.000000000000000000e+00,0.000000000000000000e+00,0.000000000000000000e+00,0.000000000000000000e+00,0.000000000000000000e+00,0.000000000000000000e+00,0.000000000000000000e+00,0.000000000000000000e+00,0.000000000000000000e+00,0.000000000000000000e+00,0.000000000000000000e+00,0.000000000000000000e+00,0.000000000000000000e+00
0.000000000000000000e+00,0.000000000000000000e+00,0.000000000000000000e+00,0.000000000000000000e+00,0.000000000000000000e+00,0.000000000000000000e+00,0.000000000000000000e+00,1.000000000000000000e+00,0.000000000000000000e+00,0.000000000000000000e+00,1.000000000000000000e+00,0.000000000000000000e+00,0.000000000000000000e+00,0.000000000000000000e+00,0.000000000000000000e+00,0.000000000000000000e+00,0.000000000000000000e+00,0.000000000000000000e+00,0.000000000000000000e+00,0.000000000000000000e+00,0.000000000000000000e+00
0.000000000000000000e+00,0.000000000000000000e+00,0.000000000000000000e+00,0.000000000000000000e+00,1.000000000000000000e+00,0.000000000000000000e+00,0.000000000000000000e+00,1.000000000000000000e+00,0.000000000000000000e+00,0.000000000000000000e+00,0.000000000000000000e+00,0.000000000000000000e+00,1.000000000000000000e+00,0.000000000000000000e+00,0.000000000000000000e+00,0.000000000000000000e+00,0.000000000000000000e+00,0.000000000000000000e+00,0.000000000000000000e+00,0.000000000000000000e+00,0.000000000000000000e+00
4.788732394366197465e-01,4.464285714285713969e-01,3.888888888888891171e-01,3.736263736263737423e-01,3.472222222222222654e-01,3.421052631578948566e-01,2.800000000000000266e-01,3.125000000000000555e-01,2.820512820512820484e-01,2.258064516129032751e-01,2.857142857142857539e-01,4.032258064516128226e-01,8.333333333333332871e-02,1.944444444444444753e-01,2.000000000000000389e-01,8.695652173913041849e-02,2.333333333333334203e-01,1.176470588235294101e-01,1.250000000000000000e-01,2.000000000000000111e-01,0.000000000000000000e+00
