0.000000000000000000e+00,0.000000000000000000e+00,0.000000000000000000e+00,0.000000000000000000e+00,0.000000000000000000e+00,0.000000000000000000e+00,0.000000000000000000e+00,0.000000000000000000e+00,0.000000000000000000e+00,0.000000000000000000e+00,0.000000000000000000e+00,1.000000000000000000e+00,1.000000000000000000e+00,0.000000000000000000e+00,1.000000000000000000e+00,0.000000000000000000e+00,0.000000000000000000e+00,0.000000000000000000e+00,0.000000000000000000e+00,0.000000000000000000e+00,1.000000000000000000e+00
0.000000000000000000e+00,0.000000000000000000e+00,0.000000000000000000e+00,0.000000000000000000e+00,0.000000000000000000e+00,0.000000000000000000e+00,0.000000000000000000e+00,0.000000000000000000e+00,0.000000000000000000e+00,0.000000000000000000e+00,0.000000000000000000e+00,0.000000000000000000e+00,0.000000000000000000e+00,0.000000000000000000e+00,0.000000000000000000e+00,1.000000000000000000e+00,0.000000000000000000e+00,0.000000000000000000e+00,1.000000000000000000e+00,1.000000000000000000e+00,1.000000000000000000e+00
0.000000000000000000e+00,0.000000000000000000e+00,0.000000000000000000e+00,0.000000000000000000e+00,0.000000000000000000e+00,0.000000000000000000e+00,0.000000000000000000e+00,0.000000000000000000e+00,0.000000000000000000e+00,0.000000000000000000e+00,0.000000000000000000e+00,0.000000000000000000e+00,0.000000000000000000e+00,0.000000000000000000e+00,0.000000000000000000e+00,0.000000000000000000e+00,0.000000000000000000e+00,0.000000000000000000e+00,0.000000000000000000e+00,0.000000000000000000e+00,0.000000000000000000e+00
0.000000000000000000e+00,1.000000000000000000e+00,0.000000000000000000e+00,0.000000000000000000e+00,0.000000000000000000e+00,0.000000000000000000e+00,0.000000000000000000e+00,0.000000000000000000e+00,0.000000000000000000e+00,0.000000000000000000e+00,0.000000000000000000e+00,0.000000000000000000e+00,0.000000000000000000e+00,0.000000000000000000e+00,0.000000000000000000e+00,0.000000000000000000e+00,0.000000000000000000e+00,1.000000000000000000e+00,0.000000000000000000e+00,0.000000000000000000e+00,0.000000000000000000e+00
4.811715481171549569e-01,4.772036474164133013e-01,4.293193717277487553e-01,2.459016393442623460e-01,3.913043478260870289e-01,1.200000000000000233e-01,0.000000000000000000e+00,0.000000000000000000e+00,0.000000000000000000e+00,7.692307692307692735e-02,5.714285714285713969e-01,8.939393939393940336e-01,9.817351598173518212e-01,1.000000000000000000e+00,9.800000000000004263e-01,9.586466165413527474e-01,9.292452830188672186e-01,8.743718592964824232e-01,8.604505632040061469e-01,8.050896471949099409e-01,8.093944099378874713e-01
0.000000000000000000e+00,0.000000000000000000e+00,0.000000000000000000e+00,1.000000000000000000e+00,0.000000000000000000e+00,0.000000000000000000e+00,0.000000000000000000e+00,0.000000000000000000e+00,0.000000000000000000e+00,0.000000000000000000e+00,0.000000000000000000e+00,0.000000000000000000e+00,0.000000000000000000e+00,0.000000000000000000e+00,0.000000000000000000e+00,0.000000000000000000e+00,0.000000000000000000e+00,0.000000000000000000e+00,0.000000000000000000e+00,0.000000000000000000e+00,0.000000000000000000e+00
4.152542372881355970e-01,2.586206896551723755e-01,2.093023255813953598e-01,2.978723404255319007e-01,4.761904761904761640e-02,1.666666666666666852e-01,0.000000000000000000e+00,0.000000000000000000e+00,0.000000000000000000e+00,0.000000000000000000e+00,6.666666666666667407e-01,1.000000000000000000e+00,1.000000000000000000e+00,1.000000000000000000e+00,9.896907216494846837e-01,8.942307692307692735e-01,8.801843317972350977e-01,8.620689655172416588e-01,8.091286307053933147e-01,7.867756315007436996e-01,7.705845380263993682e-01
4.696969696969697239e-01,3.599999999999999867e-01,1.904761904761904656e-01,3.478260869565216185e-01,8.333333333333332871e-02,2.666666666666666630e-01,0.000000000000000000e+00,0.000000000000000000e+00,0.000000000000000000e+00,0.000000000000000000e+00,7.333333333333332815e-01,8.333333333333333703e-01,9.767441860465113646e-01,1.000000000000000000e+00,9.318181818181817677e-01,9.548872180451127845e-01,8.957654723127030927e-01,8.172043010752688685e-01,8.174603174603177758e-01,7.639751552795038814e-01,6.996996996996998064e-01
4.117647058823530326e-01,3.023255813953488191e-01,2.424242424242424310e-01,0.000000000000000000e+00,5.882352941176471894e-02,1.000000000000000194e-01,1.999999999999999833e-01,0.000000000000000000e+00,0.000000000000000000e+00,0.000000000000000000e+00,4.285714285714285476e-01,7.916666666666665186e-01,1.000000000000000000e+00,1.000000000000000000e+00,9.841269841269840724e-01,8.717948717948716952e-01,8.734567901234558951e-01,8.229166666666670737e-01,7.913669064748201087e-01,7.569444444444444198e-01,7.302904564315354508e-01
4.000000000000000222e-01,3.333333333333333148e-01,2.727272727272727071e-01,1.538461538461538269e-01,3.333333333333333148e-01,1.666666666666666852e-01,0.000000000000000000e+00,0.000000000000000000e+00,2.500000000000000000e-01,5.000000000000000000e-01,6.666666666666667407e-01,8.333333333333333703e-01,1.000000000000000000e+00,1.000000000000000000e+00,9.767441860465113646e-01,9.322033898305083222e-01,8.672985781990517618e-01,8.399999999999998579e-01,6.960784313725491002e-01,6.808510638297874396e-01,6.562499999999998890e-01
3.000000000000000444e-01,3.599999999999999312e-01,1.818181818181817955e-01,9.090909090909092549e-02,0.000000000000000000e+00,0.000000000000000000e+00,0.000000000000000000e+00,0.000000000000000000e+00,0.000000000000000000e+00,0.000000000000000000e+00,6.666666666666666297e-01,1.000000000000000000e+00,9.473684210526314153e-01,1.000000000000000000e+00,9.736842105263155966e-01,9.200000000000000400e-01,8.529411764705882026e-01,8.476190476190472722e-01,7.374999999999999334e-01,6.585365853658534663e-01,7.156398104265404569e-01
4.117647058823529216e-01,1.818181818181818510e-01,0.000000000000000000e+00,2.727272727272727071e-01,0.000000000000000000e+00,0.000000000000000000e+00,0.000000000000000000e+00,0.000000000000000000e+00,0.000000000000000000e+00,3.333333333333333703e-01,0.000000000000000000e+00,1.000000000000000000e+00,1.000000000000000000e+00,1.000000000000000000e+00,1.000000000000000000e+00,1.000000000000000000e+00,8.461538461538461453e-01,8.181818181818181213e-01,6.250000000000001110e-01,7.608695652173912416e-01,5.952380952380952328e-01
1.538461538461538547e-01,3.157894736842104533e-01,1.818181818181817955e-01,2.692307692307692180e-01,0.000000000000000000e+00,0.000000000000000000e+00,0.000000000000000000e+00,0.000000000000000000e+00,0.000000000000000000e+00,2.500000000000000000e-01,5.000000000000000000e-01,8.064516129032258673e-01,9.142857142857140351e-01,1.000000000000000000e+00,9.774436090225564477e-01,9.205607476635513375e-01,8.430232558139535426e-01,7.484662576687114433e-01,6.770428015564203816e-01,6.425619834710742939e-01,5.937499999999991118e-01
2.000000000000000389e-01,3.488372093023254794e-01,2.272727272727273207e-01,7.142857142857143848e-02,2.142857142857142738e-01,0.000000000000000000e+00,0.000000000000000000e+00,0.000000000000000000e+00,0.000000000000000000e+00,0.000000000000000000e+00,3.333333333333333703e-01,7.058823529411765163e-01,9.361702127659572437e-01,1.000000000000000000e+00,9.528301886792455155e-01,8.788546255506610727e-01,8.084577114427862199e-01,7.429718875501996056e-01,6.621621621621619491e-01,6.314553990610329848e-01,5.921052631578949121e-01
5.000000000000000000e-01,0.000000000000000000e+00,0.000000000000000000e+00,0.000000000000000000e+00,0.000000000000000000e+00,0.000000000000000000e+00,0.000000000000000000e+00,0.000000000000000000e+00,0.000000000000000000e+00,0.000000000000000000e+00,0.000000000000000000e+00,0.000000000000000000e+00,0.000000000000000000e+00,1.000000000000000000e+00,0.000000000000000000e+00,0.000000000000000000e+00,0.000000000000000000e+00,1.000000000000000000e+00,1.000000000000000000e+00,0.000000000000000000e+00,0.000000000000000000e+00
0.000000000000000000e+00,0.000000000000000000e+00,0.000000000000000000e+00,0.000000000000000000e+00,0.000000000000000000e+00,0.000000000000000000e+00,0.000000000000000000e+00,0.000000000000000000e+00,0.000000000000000000e+00,0.000000000000000000e+00,0.000000000000000000e+00,0.000000000000000000e+00,0.000000000000000000e+00,0.000000000000000000e+00,0.000000000000000000e+00,1.000000000000000000e+00,0.000000000000000000e+00,0.000000000000000000e+00,1.000000000000000000e+00,0.000000000000000000e+00,0.000000000000000000e+00
8.333333333333334259e-02,2.142857142857142738e-01,1.739130434782608647e-01,1.250000000000000278e-01,1.999999999999999833e-01,1.111111111111111049e-01,0.000000000000000000e+00,0.000000000000000000e+00,0.000000000000000000e+00,0.000000000000000000e+00,4.444444444444444753e-01,7.333333333333333925e-01,9.027777777777774570e-01,1.000000000000000000e+00,9.387564282374947222e-01,8.370656370656369694e-01,7.428445618670194150e-01,6.728778467908895777e-01,6.134751773049653689e-01,5.798816568047334696e-01,5.400254129606100184e-01
0.000000000000000000e+00,0.000000000000000000e+00,0.000000000000000000e+00,0.000000000000000000e+00,0.000000000000000000e+00,0.000000000000000000e+00,0.000000000000000000e+00,0.000000000000000000e+00,0.000000000000000000e+00,0.000000000000000000e+00,0.000000000000000000e+00,0.000000000000000000e+00,0.000000000000000000e+00,0.000000000000000000e+00,0.000000000000000000e+00,0.000000000000000000e+00,0.000000000000000000e+00,0.000000000000000000e+00,1.000000000000000000e+00,0.000000000000000000e+00,0.000000000000000000e+00
0.000000000000000000e+00,0.000000000000000000e+00,0.000000000000000000e+00,0.000000000000000000e+00,0.000000000000000000e+00,0.000000000000000000e+00,0.000000000000000000e+00,0.000000000000000000e+00,0.000000000000000000e+00,0.000000000000000000e+00,0.000000000000000000e+00,0.000000000000000000e+00,0.000000000000000000e+00,0.000000000000000000e+00,0.000000000000000000e+00,0.000000000000000000e+00,0.000000000000000000e+00,0.000000000000000000e+00,0.000000000000000000e+00,0.000000000000000000e+00,0.000000000000000000e+00
0.000000000000000000e+00,0.000000000000000000e+00,0.000000000000000000e+00,0.000000000000000000e+00,0.000000000000000000e+00,0.000000000000000000e+00,0.000000000000000000e+00,0.000000000000000000e+00,0.000000000000000000e+00,0.000000000000000000e+00,0.000000000000000000e+00,0.000000000000000000e+00,0.000000000000000000e+00,0.000000000000000000e+00,0.000000000000000000e+00,0.000000000000000000e+00,0.000000000000000000e+00,1.000000000000000000e+00,0.000000000000000000e+00,0.000000000000000000e+00,0.000000000000000000e+00
1.250000000000000278e-01,0.000000000000000000e+00,2.222222222222222099e-01,0.000000000000000000e+00,9.999999999999999167e-02,1.000000000000000194e-01,0.000000000000000000e+00,0.000000000000000000e+00,1.428571428571428770e-01,0.000000000000000000e+00,2.999999999999999889e-01,5.526315789473684736e-01,8.983050847457628718e-01,9.939577039274921644e-01,9.136442141623488666e-01,7.339285714285717077e-01,6.569343065693434847e-01,5.061728395061728669e-01,4.905660377358488367e-01,3.820224719101125155e-01,4.141414141414142547e-01
