0.000000000000000000e+00,0.000000000000000000e+00,0.000000000000000000e+00,0.000000000000000000e+00,0.000000000000000000e+00,0.000000000000000000e+00,5.000000000000000000e-01,0.000000000000000000e+00,0.000000000000000000e+00,1.000000000000000000e+00,0.000000000000000000e+00,0.000000000000000000e+00,1.000000000000000000e+00,1.000000000000000000e+00,0.000000000000000000e+00,0.000000000000000000e+00,1.000000000000000000e+00,0.000000000000000000e+00,0.000000000000000000e+00,0.000000000000000000e+00,0.000000000000000000e+00
0.000000000000000000e+00,0.000000000000000000e+00,1.000000000000000000e+00,0.000000000000000000e+00,1.000000000000000000e+00,1.000000000000000000e+00,0.000000000000000000e+00,0.000000000000000000e+00,0.000000000000000000e+00,0.000000000000000000e+00,0.000000000000000000e+00,0.000000000000000000e+00,0.000000000000000000e+00,0.000000000000000000e+00,0.000000000000000000e+00,0.000000000000000000e+00,0.000000000000000000e+00,0.000000000000000000e+00,0.000000000000000000e+00,0.000000000000000000e+00,0.000000000000000000e+00
0.000000000000000000e+00,0.000000000000000000e+00,0.000000000000000000e+00,0.000000000000000000e+00,0.000000000000000000e+00,0.000000000000000000e+00,0.000000000000000000e+00,0.000000000000000000e+00,0.000000000000000000e+00,0.000000000000000000e+00,0.000000000000000000e+00,0.000000000000000000e+00,0.000000000000000000e+00,0.000000000000000000e+00,0.000000000000000000e+00,0.000000000000000000e+00,0.000000000000000000e+00,0.000000000000000000e+00,0.000000000000000000e+00,0.000000000000000000e+00,0.000000000000000000e+00
0.000000000000000000e+00,0.000000000000000000e+00,0.000000000000000000e+00,0.000000000000000000e+00,0.000000000000000000e+00,0.000000000000000000e+00,0.000000000000000000e+00,1.000000000000000000e+00,0.000000000000000000e+00,0.000000000000000000e+00,0.000000000000000000e+00,0.000000000000000000e+00,0.000000000000000000e+00,1.000000000000000000e+00,0.000000000000000000e+00,0.000000000000000000e+00,0.000000000000000000e+00,0.000000000000000000e+00,0.000000000000000000e+00,0.000000000000000000e+00,0.000000000000000000e+00
2.352941176470588203e-01,2.666666666666666075e-01,2.258064516129032195e-01,3.125000000000000555e-01,2.857142857142857539e-01,2.142857142857143293e-01,1.600000000000000311e-01,1.363636363636363813e-01,1.363636363636363535e-01,1.304347826086956486e-01,0.000000000000000000e+00,1.999999999999999833e-01,9.523809523809526056e-02,2.068965517241379282e-01,5.263157894736841813e-02,9.999999999999999167e-02,0.000000000000000000e+00,2.105263157894737280e-01,0.000000000000000000e+00,7.142857142857143848e-02,1.764705882352941291e-01
0.000000000000000000e+00,0.000000000000000000e+00,0.000000000000000000e+00,0.000000000000000000e+00,0.000000000000000000e+00,0.000000000000000000e+00,0.000000000000000000e+00,0.000000000000000000e+00,0.000000000000000000e+00,0.000000000000000000e+00,0.000000000000000000e+00,0.000000000000000000e+00,0.000000000000000000e+00,0.000000000000000000e+00,0.000000000000000000e+00,0.000000000000000000e+00,0.000000000000000000e+00,0.000000000000000000e+00,0.000000000000000000e+00,0.000000000000000000e+00,0.000000000000000000e+00
0.000000000000000000e+00,0.000000000000000000e+00,0.000000000000000000e+00,0.000000000000000000e+00,0.000000000000000000e+00,0.000000000000000000e+00,0.000000000000000000e+00,1.111111111111111327e-01,0.000000000000000000e+00,0.000000000000000000e+00,0.000000000000000000e+00,0.000000000000000000e+00,0.000000000000000000e+00,0.000000000000000000e+00,0.000000000000000000e+00,0.000000000000000000e+00,0.000000000000000000e+00,0.000000000000000000e+00,0.000000000000000000e+00,0.000000000000000000e+00,0.000000000000000000e+00
0.000000000000000000e+00,0.000000000000000000e+00,0.000000000000000000e+00,0.000000000000000000e+00,0.000000000000000000e+00,0.000000000000000000e+00,0.000000000000000000e+00,0.000000000000000000e+00,0.000000000000000000e+00,0.000000000000000000e+00,0.000000000000000000e+00,0.000000000000000000e+00,0.000000000000000000e+00,0.000000000000000000e+00,0.000000000000000000e+00,0.000000000000000000e+00,0.000000000000000000e+00,0.000000000000000000e+00,0.000000000000000000e+00,0.000000000000000000e+00,0.000000000000000000e+00
0.000000000000000000e+00,0.000000000000000000e+00,0.000000000000000000e+00,0.000000000000000000e+00,0.000000000000000000e+00,0.000000000000000000e+00,0.000000000000000000e+00,0.000000000000000000e+00,1.666666666666666852e-01,0.000000000000000000e+00,0.000000000000000000e+00,0.000000000000000000e+00,0.000000000000000000e+00,0.000000000000000000e+00,0.000000000000000000e+00,0.000000000000000000e+00,0.000000000000000000e+00,0.000000000000000000e+00,0.000000000000000000e+00,1.666666666666666852e-01,0.000000000000000000e+00
6.666666666666666297e-01,4.000000000000000222e-01,4.000000000000000222e-01,0.000000000000000000e+00,0.000000000000000000e+00,0.000000000000000000e+00,2.000000000000000111e-01,0.000000000000000000e+00,2.500000000000000000e-01,0.000000000000000000e+00,0.000000000000000000e+00,0.000000000000000000e+00,0.000000000000000000e+00,0.000000000000000000e+00,0.000000000000000000e+00,0.000000000000000000e+00,0.000000000000000000e+00,0.000000000000000000e+00,0.000000000000000000e+00,0.000000000000000000e+00,0.000000000000000000e+00
7.500000000000000000e-01,6.666666666666666297e-01,5.999999999999999778e-01,5.999999999999999778e-01,2.000000000000000111e-01,5.000000000000000000e-01,5.333333333333333259e-01,7.222222222222222099e-01,4.444444444444444198e-01,5.833333333333333703e-01,3.333333333333333703e-01,5.625000000000000000e-01,5.555555555555555802e-01,5.555555555555555802e-01,7.500000000000000000e-01,4.000000000000000222e-01,0.000000000000000000e+00,0.000000000000000000e+00,2.500000000000000000e-01,0.000000000000000000e+00,0.000000000000000000e+00
6.666666666666666297e-01,0.000000000000000000e+00,8.333333333333333703e-01,1.000000000000000000e+00,1.000000000000000000e+00,1.000000000000000000e+00,9.166666666666666297e-01,7.500000000000000000e-01,7.142857142857143016e-01,8.571428571428572063e-01,0.000000000000000000e+00,8.333333333333333703e-01,5.000000000000000000e-01,5.999999999999999778e-01,5.000000000000000000e-01,5.000000000000000000e-01,5.000000000000000000e-01,0.000000000000000000e+00,0.000000000000000000e+00,0.000000000000000000e+00,1.000000000000000000e+00
1.000000000000000000e+00,9.718309859154929953e-01,1.000000000000000000e+00,9.677419354838707743e-01,9.718309859154931063e-01,9.782608695652174058e-01,9.898989898989899450e-01,9.906542056074766345e-01,1.000000000000000000e+00,9.787234042553191182e-01,9.885057471264370177e-01,9.770114942528735913e-01,9.482758620689651918e-01,9.482758620689651918e-01,9.444444444444445308e-01,9.473684210526315264e-01,9.090909090909089496e-01,8.571428571428568732e-01,9.285714285714283811e-01,9.047619047619045451e-01,1.000000000000000000e+00
1.000000000000000000e+00,1.000000000000000000e+00,1.000000000000000000e+00,1.000000000000000000e+00,1.000000000000000000e+00,1.000000000000000000e+00,1.000000000000000000e+00,1.000000000000000000e+00,1.000000000000000000e+00,1.000000000000000000e+00,1.000000000000000000e+00,9.919999999999999929e-01,1.000000000000000000e+00,1.000000000000000000e+00,9.890109890109889390e-01,1.000000000000000000e+00,1.000000000000000000e+00,1.000000000000000000e+00,1.000000000000000000e+00,9.629629629629629095e-01,1.000000000000000000e+00
0.000000000000000000e+00,1.000000000000000000e+00,1.000000000000000000e+00,1.000000000000000000e+00,0.000000000000000000e+00,0.000000000000000000e+00,0.000000000000000000e+00,1.000000000000000000e+00,0.000000000000000000e+00,0.000000000000000000e+00,0.000000000000000000e+00,1.000000000000000000e+00,0.000000000000000000e+00,0.000000000000000000e+00,0.000000000000000000e+00,0.000000000000000000e+00,0.000000000000000000e+00,1.000000000000000000e+00,0.000000000000000000e+00,0.000000000000000000e+00,0.000000000000000000e+00
0.000000000000000000e+00,0.000000000000000000e+00,0.000000000000000000e+00,0.000000000000000000e+00,1.000000000000000000e+00,0.000000000000000000e+00,0.000000000000000000e+00,1.000000000000000000e+00,0.000000000000000000e+00,1.000000000000000000e+00,0.000000000000000000e+00,0.000000000000000000e+00,1.000000000000000000e+00,0.000000000000000000e+00,0.000000000000000000e+00,0.000000000000000000e+00,0.000000000000000000e+00,0.000000000000000000e+00,0.000000000000000000e+00,0.000000000000000000e+00,0.000000000000000000e+00
9.325581395348830904e-01,9.459234608985027659e-01,9.372197309417041877e-01,9.322412509307518302e-01,9.164983164983159236e-01,9.168044077134996916e-01,9.035691922354428529e-01,8.738922972051803573e-01,8.724983860555204362e-01,8.578115857226437102e-01,8.586220629231373636e-01,8.351007423117717821e-01,8.284090909090892074e-01,8.044444444444440734e-01,7.740863787375411587e-01,7.344720496894395767e-01,7.164179104477617077e-01,7.111436950146634572e-01,6.873065015479878914e-01,6.890243902439029400e-01,6.247086247086243160e-01
0.000000000000000000e+00,0.000000000000000000e+00,0.000000000000000000e+00,0.000000000000000000e+00,0.000000000000000000e+00,0.000000000000000000e+00,1.000000000000000000e+00,0.000000000000000000e+00,0.000000000000000000e+00,0.000000000000000000e+00,1.000000000000000000e+00,0.000000000000000000e+00,0.000000000000000000e+00,0.000000000000000000e+00,0.000000000000000000e+00,1.000000000000000000e+00,0.000000000000000000e+00,1.000000000000000000e+00,0.000000000000000000e+00,0.000000000000000000e+00,0.000000000000000000e+00
0.000000000000000000e+00,1.000000000000000000e+00,0.000000000000000000e+00,0.000000000000000000e+00,0.000000000000000000e+00,0.000000000000000000e+00,1.000000000000000000e+00,0.000000000000000000e+00,0.000000000000000000e+00,0.000000000000000000e+00,0.000000000000000000e+00,0.000000000000000000e+00,0.000000000000000000e+00,1.000000000000000000e+00,0.000000000000000000e+00,0.000000000000000000e+00,0.000000000000000000e+00,0.000000000000000000e+00,1.000000000000000000e+00,0.000000000000000000e+00,0.000000000000000000e+00
1.000000000000000000e+00,0.000000000000000000e+00,1.000000000000000000e+00,1.000000000000000000e+00,1.000000000000000000e+00,0.000000000000000000e+00,0.000000000000000000e+00,0.000000000000000000e+00,0.000000000000000000e+00,0.000000000000000000e+00,1.000000000000000000e+00,1.000000000000000000e+00,0.000000000000000000e+00,0.000000000000000000e+00,0.000000000000000000e+00,0.000000000000000000e+00,0.000000000000000000e+00,0.000000000000000000e+00,0.000000000000000000e+00,0.000000000000000000e+00,0.000000000000000000e+00
8.662790697674422891e-01,8.595918367346944144e-01,8.366265060240969387e-01,8.189116859946481419e-01,7.975469894870964582e-01,7.802917903066280969e-01,7.467700258397951263e-01,7.313801623720433964e-01,6.958333333333333037e-01,7.156673114119920243e-01,6.786271450858027965e-01,6.598079561042522467e-01,6.173361522198734797e-01,6.115485564304457000e-01,5.962199312714778765e-01,5.112781954887214431e-01,5.120643431635388820e-01,5.122615803814712931e-01,4.197530864197530076e-01,3.644859813084113109e-01,3.870967741935483208e-01
