0.000000000000000000e+00,0.000000000000000000e+00,0.000000000000000000e+00,0.000000000000000000e+00,0.000000000000000000e+00,0.000000000000000000e+00,0.000000000000000000e+00,0.000000000000000000e+00,0.000000000000000000e+00,0.000000000000000000e+00,0.000000000000000000e+00,0.000000000000000000e+00,0.000000000000000000e+00,0.000000000000000000e+00,0.000000000000000000e+00,0.000000000000000000e+00,0.000000000000000000e+00,0.000000000000000000e+00,0.000000000000000000e+00,0.000000000000000000e+00,0.000000000000000000e+00
0.000000000000000000e+00,0.000000000000000000e+00,0.000000000000000000e+00,0.000000000000000000e+00,0.000000000000000000e+00,0.000000000000000000e+00,0.000000000000000000e+00,0.000000000000000000e+00,0.000000000000000000e+00,0.000000000000000000e+00,1.000000000000000000e+00,0.000000000000000000e+00,0.000000000000000000e+00,0.000000000000000000e+00,0.000000000000000000e+00,0.000000000000000000e+00,0.000000000000000000e+00,0.000000000000000000e+00,0.000000000000000000e+00,0.000000000000000000e+00,0.000000000000000000e+00
0.000000000000000000e+00,0.000000000000000000e+00,0.000000000000000000e+00,0.000000000000000000e+00,0.000000000000000000e+00,0.000000000000000000e+00,0.000000000000000000e+00,0.000000000000000000e+00,0.000000000000000000e+00,0.000000000000000000e+00,0.000000000000000000e+00,0.000000000000000000e+00,0.000000000000000000e+00,0.000000000000000000e+00,0.000000000000000000e+00,0.000000000000000000e+00,0.000000000000000000e+00,1.000000000000000000e+00,0.000000000000000000e+00,0.000000000000000000e+00,0.000000000000000000e+00
0.000000000000000000e+00,0.000000000000000000e+00,0.000000000000000000e+00,0.000000000000000000e+00,0.000000000000000000e+00,0.000000000000000000e+00,0.000000000000000000e+00,0.000000000000000000e+00,0.000000000000000000e+00,0.000000000000000000e+00,0.000000000000000000e+00,0.000000000000000000e+00,0.000000000000000000e+00,0.000000000000000000e+00,0.000000000000000000e+00,0.000000000000000000e+00,0.000000000000000000e+00,0.000000000000000000e+00,0.000000000000000000e+00,0.000000000000000000e+00,0.000000000000000000e+00
4.823008849557519628e-01,5.432276657060521874e-01,6.151477832512313171e-01,6.323319027181685259e-01,7.440677966101675311e-01,8.493677844969779178e-01,9.278142352347289457e-01,1.000000000000000000e+00,9.468085106382978511e-01,5.675675675675675436e-01,2.857142857142857539e-01,2.500000000000000555e-01,0.000000000000000000e+00,0.000000000000000000e+00,0.000000000000000000e+00,0.000000000000000000e+00,2.000000000000000111e-01,0.000000000000000000e+00,1.363636363636363535e-01,9.090909090909092549e-02,1.153846153846153771e-01
1.000000000000000000e+00,0.000000000000000000e+00,0.000000000000000000e+00,0.000000000000000000e+00,1.000000000000000000e+00,0.000000000000000000e+00,0.000000000000000000e+00,0.000000000000000000e+00,0.000000000000000000e+00,0.000000000000000000e+00,0.000000000000000000e+00,1.000000000000000000e+00,0.000000000000000000e+00,0.000000000000000000e+00,0.000000000000000000e+00,0.000000000000000000e+00,0.000000000000000000e+00,0.000000000000000000e+00,0.000000000000000000e+00,0.000000000000000000e+00,0.000000000000000000e+00
5.663265306122451381e-01,6.239224137931039804e-01,6.361221779548467126e-01,6.989795918367347483e-01,7.956926658905697503e-01,8.710562414266120879e-01,9.506933744221884863e-01,9.962686567164178442e-01,9.473684210526315264e-01,7.333333333333331705e-01,4.999999999999999445e-01,0.000000000000000000e+00,0.000000000000000000e+00,0.000000000000000000e+00,0.000000000000000000e+00,9.999999999999999167e-02,1.666666666666666852e-01,1.666666666666666852e-01,1.052631578947368640e-01,2.820512820512821039e-01,2.790697674418605723e-01
5.425531914893616525e-01,6.534653465346532686e-01,6.273291925465834806e-01,6.857142857142854986e-01,7.983539094650202728e-01,8.888888888888887285e-01,9.561403508771929571e-01,1.000000000000000000e+00,9.599999999999998535e-01,8.000000000000000444e-01,0.000000000000000000e+00,0.000000000000000000e+00,0.000000000000000000e+00,0.000000000000000000e+00,2.000000000000000111e-01,0.000000000000000000e+00,9.090909090909092549e-02,0.000000000000000000e+00,1.250000000000000278e-01,1.666666666666666574e-01,4.181818181818180991e-01
6.059701492537316048e-01,6.606217616580312146e-01,7.039106145251398106e-01,7.499999999999996669e-01,8.157216494845359600e-01,8.735632183908040860e-01,9.578313253012047390e-01,1.000000000000000000e+00,9.836065573770490511e-01,6.666666666666666297e-01,4.285714285714285476e-01,0.000000000000000000e+00,0.000000000000000000e+00,0.000000000000000000e+00,1.666666666666666852e-01,1.111111111111111049e-01,2.352941176470588203e-01,1.176470588235294379e-01,1.578947368421052544e-01,3.125000000000000000e-01,1.785714285714285476e-01
6.590909090909089496e-01,7.083333333333332593e-01,6.557377049180329598e-01,7.500000000000002220e-01,7.534246575342464780e-01,9.137931034482755788e-01,9.090909090909090606e-01,9.749999999999997558e-01,1.000000000000000000e+00,7.777777777777777901e-01,6.666666666666667407e-01,0.000000000000000000e+00,0.000000000000000000e+00,0.000000000000000000e+00,0.000000000000000000e+00,0.000000000000000000e+00,9.999999999999999167e-02,3.125000000000000000e-01,3.333333333333333703e-01,3.076923076923077094e-01,4.411764705882352811e-01
6.991150442477874760e-01,6.929824561403505889e-01,6.774193548387095198e-01,8.388625592417060517e-01,8.571428571428570953e-01,9.178082191780821963e-01,1.000000000000000000e+00,1.000000000000000000e+00,1.000000000000000000e+00,8.000000000000000444e-01,5.000000000000000000e-01,0.000000000000000000e+00,0.000000000000000000e+00,0.000000000000000000e+00,0.000000000000000000e+00,0.000000000000000000e+00,0.000000000000000000e+00,0.000000000000000000e+00,3.043478260869565966e-01,3.913043478260869179e-01,2.608695652173912971e-01
7.058823529411766273e-01,6.842105263157892692e-01,7.586206896551725976e-01,1.428571428571428770e-01,8.372093023255812172e-01,9.411764705882351700e-01,1.000000000000000000e+00,1.000000000000000000e+00,7.500000000000000000e-01,5.999999999999999778e-01,7.500000000000000000e-01,0.000000000000000000e+00,0.000000000000000000e+00,0.000000000000000000e+00,0.000000000000000000e+00,0.000000000000000000e+00,2.500000000000000000e-01,3.333333333333333703e-01,3.571428571428570953e-01,1.428571428571428770e-01,2.857142857142856984e-01
7.008403361344534011e-01,7.629179331307002210e-01,7.975077881619939690e-01,7.783783783783783106e-01,8.399999999999999689e-01,9.178082191780820853e-01,9.772727272727272929e-01,1.000000000000000000e+00,1.000000000000000000e+00,8.461538461538461453e-01,3.333333333333333148e-01,0.000000000000000000e+00,0.000000000000000000e+00,0.000000000000000000e+00,0.000000000000000000e+00,1.999999999999999833e-01,2.173913043478261364e-01,2.222222222222222099e-01,4.259259259259260411e-01,3.275862068965517682e-01,3.698630136986301165e-01
7.340966921119594923e-01,7.643593519882180276e-01,7.941176470588239278e-01,8.741258741258742804e-01,8.823529411764706731e-01,9.611111111111109162e-01,1.000000000000000000e+00,1.000000000000000000e+00,9.687499999999998890e-01,8.076923076923075984e-01,6.666666666666666297e-01,0.000000000000000000e+00,0.000000000000000000e+00,0.000000000000000000e+00,0.000000000000000000e+00,3.333333333333333703e-01,1.666666666666667129e-01,2.702702702702701743e-01,3.260869565217390798e-01,3.636363636363635909e-01,3.770491803278688825e-01
1.000000000000000000e+00,6.666666666666666297e-01,1.000000000000000000e+00,1.000000000000000000e+00,1.000000000000000000e+00,0.000000000000000000e+00,1.000000000000000000e+00,1.000000000000000000e+00,0.000000000000000000e+00,1.000000000000000000e+00,1.000000000000000000e+00,0.000000000000000000e+00,0.000000000000000000e+00,0.000000000000000000e+00,0.000000000000000000e+00,0.000000000000000000e+00,0.000000000000000000e+00,0.000000000000000000e+00,0.000000000000000000e+00,0.000000000000000000e+00,0.000000000000000000e+00
0.000000000000000000e+00,0.000000000000000000e+00,0.000000000000000000e+00,0.000000000000000000e+00,0.000000000000000000e+00,0.000000000000000000e+00,0.000000000000000000e+00,0.000000000000000000e+00,0.000000000000000000e+00,0.000000000000000000e+00,0.000000000000000000e+00,0.000000000000000000e+00,0.000000000000000000e+00,0.000000000000000000e+00,0.000000000000000000e+00,0.000000000000000000e+00,0.000000000000000000e+00,0.000000000000000000e+00,0.000000000000000000e+00,1.000000000000000000e+00,1.000000000000000000e+00
8.047564250095891047e-01,8.181069958847737578e-01,8.615600843288824251e-01,8.780487804878053248e-01,9.357429718875492908e-01,9.526066350710901132e-01,9.771428571428569798e-01,1.000000000000000000e+00,9.864864864864865135e-01,9.166666666666666297e-01,6.666666666666667407e-01,1.999999999999999833e-01,1.111111111111111049e-01,0.000000000000000000e+00,0.000000000000000000e+00,1.428571428571428770e-01,2.857142857142856984e-01,3.557692307692308376e-01,4.476190476190476386e-01,4.757709251101321923e-01,4.480286738351253462e-01
0.000000000000000000e+00,0.000000000000000000e+00,0.000000000000000000e+00,1.000000000000000000e+00,1.000000000000000000e+00,0.000000000000000000e+00,0.000000000000000000e+00,0.000000000000000000e+00,0.000000000000000000e+00,1.000000000000000000e+00,0.000000000000000000e+00,0.000000000000000000e+00,0.000000000000000000e+00,0.000000000000000000e+00,0.000000000000000000e+00,0.000000000000000000e+00,0.000000000000000000e+00,0.000000000000000000e+00,0.000000000000000000e+00,0.000000000000000000e+00,0.000000000000000000e+00
0.000000000000000000e+00,1.000000000000000000e+00,0.000000000000000000e+00,0.000000000000000000e+00,0.000000000000000000e+00,1.000000000000000000e+00,0.000000000000000000e+00,0.000000000000000000e+00,0.000000000000000000e+00,0.000000000000000000e+00,0.000000000000000000e+00,0.000000000000000000e+00,0.000000000000000000e+00,0.000000000000000000e+00,0.000000000000000000e+00,0.000000000000000000e+00,0.000000000000000000e+00,0.000000000000000000e+00,0.000000000000000000e+00,0.000000000000000000e+00,0.000000000000000000e+00
0.000000000000000000e+00,0.000000000000000000e+00,1.000000000000000000e+00,0.000000000000000000e+00,0.000000000000000000e+00,1.000000000000000000e+00,0.000000000000000000e+00,0.000000000000000000e+00,0.000000000000000000e+00,0.000000000000000000e+00,0.000000000000000000e+00,0.000000000000000000e+00,0.000000000000000000e+00,0.000000000000000000e+00,0.000000000000000000e+00,0.000000000000000000e+00,0.000000000000000000e+00,0.000000000000000000e+00,0.000000000000000000e+00,0.000000000000000000e+00,0.000000000000000000e+00
8.501805054151629903e-01,9.041095890410966174e-01,9.047619047619044341e-01,9.267015706806283060e-01,9.421221864951770941e-01,9.778325123152712406e-01,9.836601307189546395e-01,1.000000000000000000e+00,1.000000000000000000e+00,9.367088607594938887e-01,8.571428571428569843e-01,3.809523809523809312e-01,0.000000000000000000e+00,0.000000000000000000e+00,1.333333333333333592e-01,2.142857142857142738e-01,4.347826086956521618e-01,3.194444444444445308e-01,5.045871559633026138e-01,5.144230769230772049e-01,6.175771971496440971e-01
